10 5 20
0 8 7 6 5 9 10 4 6 7

0 20 18 25 30 22 24 28 35 40
20 0 12 15 18 25 30 27 33 38
18 12 0 22 28 20 32 35 39 42
25 15 22 0 14 24 33 30 40 45
30 18 28 14 0 26 29 31 35 39
22 25 20 24 26 0 21 29 32 37
24 30 32 33 29 21 0 12 25 28
28 27 35 30 31 29 12 0 20 22
35 33 39 40 35 32 25 20 0 15
40 38 42 45 39 37 28 22 15 0



